################################################
# F at age
##### Quarter:1
 0  0.0200 0.0515 0.0780 0.1060 0.1513 0.1513 0.1513 0.1513 0  0  0  # Herring    
 0  0.0335 0.0862 0.1100 0.1193 0.1193 0.1193 0.1193 0  0  0  0  # Sprat      
##### Quarter:2
 0  0.0097 0.0305 0.0542 0.0736 0.1051 0.1051 0.1051 0.1051 0  0  0  # Herring    
 0  0.0145 0.0473 0.0603 0.0654 0.0654 0.0654 0.0654 0  0  0  0  # Sprat      
##### Quarter:3
 0.0000 0.0054 0.0079 0.0185 0.0252 0.0359 0.0359 0.0359 0.0359 0  0  0  # Herring    
 0.0000 0.0052 0.0081 0.0103 0.0112 0.0112 0.0112 0.0112 0  0  0  0  # Sprat      
##### Quarter:4
 0.0000 0.0313 0.0466 0.0521 0.0709 0.1011 0.1011 0.1011 0.1011 0  0  0  # Herring    
 0.0000 0.0257 0.0337 0.0430 0.0466 0.0466 0.0466 0.0466 0  0  0  0  # Sprat      
