################################################
# Multispecies Natural mortality (M1+M2)
##### Quarter:1
 0  0.1201 0.0678 0.0581 0.0511 0.0486 0.0453 0.0412 0.0387 0  0  0  # Herring    
 0  0.1032 0.0821 0.0787 0.0771 0.0764 0.0747 0.0739 0  0  0  0  # Sprat      
##### Quarter:2
 0  0.0391 0.0338 0.0328 0.0308 0.0300 0.0290 0.0283 0.0280 0  0  0  # Herring    
 0  0.0916 0.0774 0.0742 0.0724 0.0717 0.0692 0.0692 0  0  0  0  # Sprat      
##### Quarter:3
 0.0493 0.0346 0.0308 0.0296 0.0291 0.0286 0.0284 0.0281 0.0285 0  0  0  # Herring    
 0.0643 0.0589 0.0577 0.0570 0.0564 0.0564 0.0561 0.0563 0  0  0  0  # Sprat      
##### Quarter:4
 0.0909 0.0553 0.0459 0.0426 0.0396 0.0389 0.0366 0.0358 0.0349 0  0  0  # Herring    
 0.0800 0.0685 0.0663 0.0653 0.0647 0.0644 0.0638 0.0638 0  0  0  0  # Sprat      
