################################################
# Natural mortality (M)
##### Quarter:1
 0  0.0637 0.0482 0.0424 0.0402 0.0373 0.0361 0.0353 0.0341 0  0  0  # Herring    
 0  0.0770 0.0688 0.0672 0.0665 0.0656 0.0652 0.0654 0  0  0  0  # Sprat      
##### Quarter:2
 0  0.0637 0.0482 0.0424 0.0402 0.0373 0.0361 0.0353 0.0341 0  0  0  # Herring    
 0  0.0770 0.0688 0.0672 0.0665 0.0656 0.0652 0.0654 0  0  0  0  # Sprat      
##### Quarter:3
 0.0500 0.0637 0.0482 0.0424 0.0402 0.0373 0.0361 0.0353 0.0341 0  0  0  # Herring    
 0.0500 0.0770 0.0688 0.0672 0.0665 0.0656 0.0652 0.0654 0  0  0  0  # Sprat      
##### Quarter:4
 0.0500 0.0637 0.0482 0.0424 0.0402 0.0373 0.0361 0.0353 0.0341 0  0  0  # Herring    
 0.0500 0.0770 0.0688 0.0672 0.0665 0.0656 0.0652 0.0654 0  0  0  0  # Sprat      
