################################################
# Mean weight in the catch
##### Quarter:1
 0  0.0065 0.0168 0.0220 0.0278 0.0307 0.0344 0.0410 0.0469 0  0  0  # Herring    
 0  0.0036 0.0081 0.0094 0.0101 0.0105 0.0112 0.0116 0  0  0  0  # Sprat      
##### Quarter:2
 0  0.0086 0.0190 0.0219 0.0289 0.0323 0.0378 0.0448 0.0492 0  0  0  # Herring    
 0  0.0045 0.0081 0.0095 0.0105 0.0108 0.0122 0.0124 0  0  0  0  # Sprat      
##### Quarter:3
 0.0052 0.0161 0.0275 0.0327 0.0353 0.0384 0.0405 0.0438 0.0421 0  0  0  # Herring    
 0.0037 0.0079 0.0092 0.0104 0.0113 0.0112 0.0119 0.0114 0  0  0  0  # Sprat      
##### Quarter:4
 0.0058 0.0165 0.0230 0.0272 0.0316 0.0329 0.0372 0.0397 0.0429 0  0  0  # Herring    
 0.0037 0.0083 0.0099 0.0108 0.0113 0.0116 0.0121 0.0120 0  0  0  0  # Sprat      
