################################################
# Mean weight in the sea
##### Quarter:1
 0  0.0036 0.0202 0.0515 0.1107 0.2000 0.3257 0.5064 0.7839 1.4054 2.2964 3.5472 # Cod        
 0  0.0061 0.0168 0.0220 0.0278 0.0307 0.0344 0.0410 0.0469 0  0  0  # Herring    
 0  0.0035 0.0081 0.0094 0.0101 0.0105 0.0112 0.0116 0  0  0  0  # Sprat      
##### Quarter:2
 0  0.0036 0.0220 0.0520 0.1092 0.2004 0.3257 0.5064 0.7839 1.4046 2.2953 3.5462 # Cod        
 0  0.0114 0.0190 0.0219 0.0289 0.0323 0.0378 0.0448 0.0492 0  0  0  # Herring    
 0  0.0042 0.0081 0.0095 0.0105 0.0108 0.0122 0.0124 0  0  0  0  # Sprat      
##### Quarter:3
 -1.0000 0.0036 0.0228 0.0528 0.1088 0.2005 0.3263 0.5064 0.7842 1.4040 2.2944 3.5453 # Cod        
 0.0055 0.0168 0.0275 0.0327 0.0353 0.0384 0.0405 0.0438 0.0421 0  0  0  # Herring    
 0.0036 0.0075 0.0092 0.0104 0.0113 0.0112 0.0119 0.0114 0  0  0  0  # Sprat      
##### Quarter:4
 -1.0000 0.0036 0.0162 0.0534 0.1102 0.2002 0.3269 0.5066 0.7848 1.4036 2.2936 3.5446 # Cod        
 0.0057 0.0159 0.0230 0.0272 0.0316 0.0329 0.0372 0.0397 0.0429 0  0  0  # Herring    
 0.0038 0.0084 0.0099 0.0108 0.0113 0.0116 0.0121 0.0120 0  0  0  0  # Sprat      
