################################################
# Catch at age by area (for testing only))
##### Quarter:1
# area:1
 0 1929.873 1278.385 2598.551 384.687 303.948 229.810 84.503 24.105 6.070 7.632  # Cod        
 0 14373.178 8188.239 12265.085 5243.431 3054.930 1672.557 430.201 735.351  0  0  # Whiting    
 0 4856.240 3425.432 7175.486 2635.042 4328.215 169.144 130.470 16.962 16.449 72.178  # Haddock    
 0 0.000 0.000 2307.525 3110.174 3757.603 2763.784 911.684 379.308 355.978 394.695  # Saithe     
 0 10360.551 25128.839 89346.042 37261.360 102419.911 61419.504 69939.959 76098.305 51416.218 58728.239  # Mackerel   
 0 30465.846 15684.864 36869.785 16566.284 63405.997 30980.927 8935.979 17468.813  0  0  # Herring    
 0 0.000 0.000 0.000 0.000  0  0  0  0  0  0  # N.sandeel  
 0 0.000 0.000 0.000 0.000  0  0  0  0  0  0  # S.sandeel  
 0 54861.922 7271.367 1581.480  0  0  0  0  0  0  0  # Nor.pout   
 0 787238.030 956662.203 142053.833  0  0  0  0  0  0  0  # Sprat      
 0 41368.689 29918.442 38293.764 17335.067 9206.229 8607.696 3462.284 1960.115 1452.037 1652.314  # Plaice     
 0 1637.992 3025.040 6465.986 2380.361 2201.771 1506.770 504.840 159.354 343.921 240.670  # Sole       
##### Quarter:2
# area:1
 0 1417.073 915.102 2044.554 310.206 238.961 180.090 66.667 19.159 4.979 6.260  # Cod        
 0 10042.761 6491.957 10130.023 4329.035 2522.827 1383.251 355.788 608.156  0  0  # Whiting    
 0 3354.665 2891.779 6173.230 2280.365 3734.675 148.201 111.717 14.550 14.115 61.916  # Haddock    
 0 0.000 0.000 2132.245 2737.654 3255.914 2402.567 799.143 334.721 314.133 348.300  # Saithe     
 0 9959.971 24044.698 84615.349 34928.864 94959.862 56346.604 63157.883 68719.054 46430.389 53033.363  # Mackerel   
 0 47937.121 26184.898 61679.168 27609.705 104841.539 51496.324 14862.058 29053.615  0  0  # Herring    
 0 8312464.556 816347.414 3884038.976 219574.341  0  0  0  0  0  0  # N.sandeel  
 0 5631742.644 714639.676 1802461.946 174134.802  0  0  0  0  0  0  # S.sandeel  
 0 321889.539 43369.533 7999.254  0  0  0  0  0  0  0  # Nor.pout   
 0 0.000 0.000 0.000  0  0  0  0  0  0  0  # Sprat      
 0 39595.513 27744.551 35223.462 15796.558 8329.673 7815.618 3195.227 1808.925 1340.036 1524.866  # Plaice     
 0 1593.326 2855.642 5854.108 2121.245 1957.971 1350.120 456.476 144.088 310.973 217.614  # Sole       
##### Quarter:3
# area:1
0.000 1083.941 675.038 1617.334 250.146 187.869 141.127 52.595 15.228 4.084 5.135  # Cod        
7112.583 7416.134 5301.403 8461.571 3614.200 2106.939 1153.751 302.413 516.921  0  0  # Whiting    
7253.616 2493.587 2480.782 5314.720 1981.189 3235.202 129.831 95.721 12.483 12.111 53.117  # Haddock    
0.000 0.000 0.000 1970.279 2409.753 2821.207 2088.559 700.495 295.375 277.207 307.358  # Saithe     
0.000 9574.880 23007.331 80135.137 32742.378 88043.187 51692.696 57033.465 62055.369 41928.035 47890.719  # Mackerel   
324019.605 110150.411 61742.279 143726.450 63218.320 235532.776 116121.359 33554.039 65819.159  0  0  # Herring    
0.000 0.000 0.000 0.000 0.000  0  0  0  0  0  0  # N.sandeel  
67489.909 364583.363 27928.949 70037.541 6766.286  0  0  0  0  0  0  # S.sandeel  
67062.103 1107592.385 125717.802 16589.126  0  0  0  0  0  0  0  # Nor.pout   
0.000 5883243.142 1600739.859 124752.167  0  0  0  0  0  0  0  # Sprat      
0.000 37898.340 25728.617 32399.329 14394.593 7536.577 7096.427 2948.769 1669.397 1236.675 1407.248  # Plaice     
0.000 1549.878 2695.731 5300.132 1890.335 1741.167 1209.756 412.745 130.284 281.182 196.766  # Sole       
##### Quarter:4
# area:1
0.000 836.950 506.323 1277.159 201.714 147.700 110.594 41.494 12.104 3.350 4.212  # Cod        
3978.000 6101.122 4499.231 7185.859 3045.535 1775.149 963.234 263.510 450.423  0  0  # Whiting    
5170.426 2085.665 2185.187 4645.806 1721.499 2802.916 113.756 82.027 10.710 10.393 45.569  # Haddock    
0.000 0.000 0.000 1820.615 2121.126 2444.538 1815.592 614.024 260.655 244.622 271.228  # Saithe     
0.000 9204.678 22014.720 75892.143 30692.762 81630.308 47423.175 51502.931 56037.862 37862.275 43246.757  # Mackerel   
194950.514 72956.598 40379.053 92004.039 39521.224 143960.658 70991.143 20541.245 40444.342  0  0  # Herring    
0.000 0.000 0.000 0.000 0.000  0  0  0  0  0  0  # N.sandeel  
0.000 0.000 0.000 0.000 0.000  0  0  0  0  0  0  # S.sandeel  
522835.005 1480184.468 99227.677 9709.032  0  0  0  0  0  0  0  # Nor.pout   
0.000 3935369.908 1944997.116 190024.164  0  0  0  0  0  0  0  # Sprat      
0.000 36273.913 23859.161 29801.628 13117.055 6818.994 6443.416 2721.321 1540.631 1141.286 1298.703  # Plaice     
0.000 1507.614 2544.774 4798.579 1684.561 1548.369 1083.985 373.204 117.803 254.244 177.916  # Sole       
