################################################
# F at age
##### Quarter:1
 0  0.0184 0.0892 0.1678 0.1652 0.1906 0.1938 0.1871 0.1796 0.1481 0.1481 # Cod        
 0  0.0132 0.0314 0.0526 0.0658 0.0745 0.0836 0.0836 0.0836 0  0  # Whiting    
 0  0.0085 0.0343 0.0644 0.0809 0.0838 0.0809 0.1031 0.1031 0.1031 0.1031 # Haddock    
 0  0.0000 0.0000 0.0290 0.0776 0.0933 0.0901 0.0818 0.0751 0.0751 0.0751 # Saithe     
 0  0.0019 0.0066 0.0169 0.0271 0.0381 0.0487 0.0645 0.0645 0.0645 0.0645 # Mackerel   
 0  0.0043 0.0096 0.0155 0.0215 0.0275 0.0275 0.0275 0.0275 0  0  # Herring    
 0  0.0000 0.0000 0.0000 0.0000 0  0  0  0  0  0  # N.sandeel  
 0  0.0000 0.0000 0.0000 0.0000 0  0  0  0  0  0  # S.sandeel  
 0  0.0018 0.0083 0.0166 0  0  0  0  0  0  0  # Nor.pout   
 0  0.0101 0.0714 0.1249 0  0  0  0  0  0  0  # Sprat      
 0  0.0188 0.0504 0.0586 0.0679 0.0751 0.0715 0.0553 0.0553 0.0553 0.0553 # Plaice     
 0  0.0026 0.0326 0.0744 0.0902 0.0924 0.0848 0.0757 0.0757 0.0757 0.0757 # Sole       
##### Quarter:2
 0  0.0184 0.0892 0.1678 0.1652 0.1906 0.1938 0.1871 0.1796 0.1481 0.1481 # Cod        
 0  0.0132 0.0314 0.0526 0.0658 0.0745 0.0836 0.0836 0.0836 0  0  # Whiting    
 0  0.0085 0.0343 0.0644 0.0809 0.0838 0.0809 0.1031 0.1031 0.1031 0.1031 # Haddock    
 0  0.0000 0.0000 0.0290 0.0776 0.0933 0.0901 0.0818 0.0751 0.0751 0.0751 # Saithe     
 0  0.0019 0.0066 0.0169 0.0271 0.0381 0.0487 0.0645 0.0645 0.0645 0.0645 # Mackerel   
 0  0.0079 0.0176 0.0285 0.0394 0.0505 0.0505 0.0505 0.0505 0  0  # Herring    
 0  0.1014 0.2122 0.2504 0.2504 0  0  0  0  0  0  # N.sandeel  
 0  0.1642 0.3176 0.3519 0.3519 0  0  0  0  0  0  # S.sandeel  
 0  0.0171 0.0794 0.1348 0  0  0  0  0  0  0  # Nor.pout   
 0  0.0000 0.0000 0.0000 0  0  0  0  0  0  0  # Sprat      
 0  0.0188 0.0504 0.0586 0.0679 0.0751 0.0715 0.0553 0.0553 0.0553 0.0553 # Plaice     
 0  0.0026 0.0326 0.0744 0.0902 0.0924 0.0848 0.0757 0.0757 0.0757 0.0757 # Sole       
##### Quarter:3
 0.0000 0.0184 0.0892 0.1678 0.1652 0.1906 0.1938 0.1871 0.1796 0.1481 0.1481 # Cod        
 0.0010 0.0132 0.0314 0.0526 0.0658 0.0745 0.0836 0.0836 0.0836 0  0  # Whiting    
 0.0009 0.0085 0.0343 0.0644 0.0809 0.0838 0.0809 0.1031 0.1031 0.1031 0.1031 # Haddock    
 0.0000 0.0000 0.0000 0.0290 0.0776 0.0933 0.0901 0.0818 0.0751 0.0751 0.0751 # Saithe     
 0.0000 0.0019 0.0066 0.0169 0.0271 0.0381 0.0487 0.0645 0.0645 0.0645 0.0645 # Mackerel   
 0.0300 0.0207 0.0459 0.0745 0.1030 0.1320 0.1320 0.1320 0.1320 0  0  # Herring    
 0.0000 0.0000 0.0000 0.0000 0.0000 0  0  0  0  0  0  # N.sandeel  
 0.0004 0.0148 0.0186 0.0206 0.0206 0  0  0  0  0  0  # S.sandeel  
 0.0005 0.1029 0.4772 0.6109 0  0  0  0  0  0  0  # Nor.pout   
 0.0000 0.1379 0.2061 0.1760 0  0  0  0  0  0  0  # Sprat      
 0.0000 0.0188 0.0504 0.0586 0.0679 0.0751 0.0715 0.0553 0.0553 0.0553 0.0553 # Plaice     
 0.0000 0.0026 0.0326 0.0744 0.0902 0.0924 0.0848 0.0757 0.0757 0.0757 0.0757 # Sole       
##### Quarter:4
 0.0000 0.0184 0.0892 0.1678 0.1652 0.1906 0.1938 0.1871 0.1796 0.1481 0.1481 # Cod        
 0.0010 0.0132 0.0314 0.0526 0.0658 0.0745 0.0836 0.0836 0.0836 0  0  # Whiting    
 0.0009 0.0085 0.0343 0.0644 0.0809 0.0838 0.0809 0.1031 0.1031 0.1031 0.1031 # Haddock    
 0.0000 0.0000 0.0000 0.0290 0.0776 0.0933 0.0901 0.0818 0.0751 0.0751 0.0751 # Saithe     
 0.0000 0.0019 0.0066 0.0169 0.0271 0.0381 0.0487 0.0645 0.0645 0.0645 0.0645 # Mackerel   
 0.0253 0.0149 0.0330 0.0535 0.0740 0.0949 0.0949 0.0949 0.0949 0  0  # Herring    
 0.0000 0.0000 0.0000 0.0000 0.0000 0  0  0  0  0  0  # N.sandeel  
 0.0000 0.0000 0.0000 0.0000 0.0000 0  0  0  0  0  0  # S.sandeel  
 0.0060 0.2179 1.0101 1.0101 0  0  0  0  0  0  0  # Nor.pout   
 0.0000 0.1366 0.4019 0.4019 0  0  0  0  0  0  0  # Sprat      
 0.0000 0.0188 0.0504 0.0586 0.0679 0.0751 0.0715 0.0553 0.0553 0.0553 0.0553 # Plaice     
 0.0000 0.0026 0.0326 0.0744 0.0902 0.0924 0.0848 0.0757 0.0757 0.0757 0.0757 # Sole       
