################################################
# Multispecies Natural mortality (M1+M2)
##### Quarter:1
 0  0.3288 0.2481 0.0734 0.0500 0.0500 0.0500 0.0500 0.0500 0.0500 0.0500 # Cod        
 0  0.3382 0.1815 0.1310 0.1186 0.1131 0.0926 0.1090 0.0767 0  0  # Whiting    
 0  0.3302 0.1308 0.0834 0.0694 0.0562 0.0508 0.0519 0.0509 0.0552 0.0503 # Haddock    
 0  0.0500 0.0500 0.0500 0.0500 0.0500 0.0500 0.0500 0.0500 0.0500 0.0500 # Saithe     
 0  0.0375 0.0375 0.0375 0.0375 0.0375 0.0375 0.0375 0.0375 0.0375 0.0375 # Mackerel   
 0  0.1325 0.0745 0.0649 0.0590 0.0567 0.0507 0.0504 0.0504 0  0  # Herring    
 0  0.2088 0.1993 0.1703 0.1521 0  0  0  0  0  0  # N.sandeel  
 0  0.1084 0.1065 0.0993 0.0927 0  0  0  0  0  0  # S.sandeel  
 0  0.3406 0.2829 0.2779 0  0  0  0  0  0  0  # Nor.pout   
 0  0.1926 0.1770 0.1522 0  0  0  0  0  0  0  # Sprat      
 0  0.0250 0.0250 0.0250 0.0250 0.0250 0.0250 0.0250 0.0250 0.0250 0.0250 # Plaice     
 0  0.0250 0.0250 0.0250 0.0250 0.0250 0.0250 0.0250 0.0250 0.0250 0.0250 # Sole       
##### Quarter:2
 0  0.2541 0.2255 0.0708 0.0500 0.0500 0.0500 0.0500 0.0500 0.0500 0.0500 # Cod        
 0  0.3875 0.1997 0.1421 0.1204 0.1122 0.0867 0.0867 0.0736 0  0  # Whiting    
 0  0.4307 0.1466 0.0957 0.0618 0.0546 0.0509 0.0513 0.0506 0.0557 0.0502 # Haddock    
 0  0.0500 0.0500 0.0500 0.0500 0.0500 0.0500 0.0500 0.0500 0.0500 0.0500 # Saithe     
 0  0.0375 0.0375 0.0375 0.0375 0.0375 0.0375 0.0375 0.0375 0.0375 0.0375 # Mackerel   
 0  0.1682 0.0945 0.0817 0.0713 0.0694 0.0622 0.0625 0.0625 0  0  # Herring    
 0  0.3319 0.2986 0.2146 0.2097 0  0  0  0  0  0  # N.sandeel  
 0  0.2396 0.2262 0.2092 0.1915 0  0  0  0  0  0  # S.sandeel  
 0  0.7442 0.7040 0.6594 0  0  0  0  0  0  0  # Nor.pout   
 0  0.2985 0.2213 0.1928 0  0  0  0  0  0  0  # Sprat      
 0  0.0250 0.0250 0.0250 0.0250 0.0250 0.0250 0.0250 0.0250 0.0250 0.0250 # Plaice     
 0  0.0250 0.0250 0.0250 0.0250 0.0250 0.0250 0.0250 0.0250 0.0250 0.0250 # Sole       
##### Quarter:3
 1.7615 0.2551 0.2077 0.0698 0.0500 0.0500 0.0500 0.0500 0.0500 0.0500 0.0500 # Cod        
 0.9508 0.2420 0.1457 0.1160 0.1081 0.1013 0.0689 0.0560 0.0560 0  0  # Whiting    
 0.3862 0.1764 0.1008 0.0754 0.0585 0.0534 0.0508 0.0509 0.0505 0.0548 0.0501 # Haddock    
 0.0500 0.0500 0.0500 0.0500 0.0500 0.0500 0.0500 0.0500 0.0500 0.0500 0.0500 # Saithe     
 0.0375 0.0375 0.0375 0.0375 0.0375 0.0375 0.0375 0.0375 0.0375 0.0375 0.0375 # Mackerel   
 0.4776 0.0702 0.0605 0.0539 0.0512 0.0488 0.0481 0.0468 0.0401 0  0  # Herring    
 0.3826 0.2675 0.2077 0.1836 0.1685 0  0  0  0  0  0  # N.sandeel  
 0.2874 0.2675 0.2565 0.2468 0.2318 0  0  0  0  0  0  # S.sandeel  
 0.5187 0.3836 0.3554 0.3283 0  0  0  0  0  0  0  # Nor.pout   
 0.4779 0.3781 0.2417 0.1496 0  0  0  0  0  0  0  # Sprat      
 0.0250 0.0250 0.0250 0.0250 0.0250 0.0250 0.0250 0.0250 0.0250 0.0250 0.0250 # Plaice     
 0.0250 0.0250 0.0250 0.0250 0.0250 0.0250 0.0250 0.0250 0.0250 0.0250 0.0250 # Sole       
##### Quarter:4
 0.4647 0.2966 0.2286 0.0739 0.0500 0.0500 0.0500 0.0500 0.0500 0.0500 0.0500 # Cod        
 0.6074 0.2315 0.1516 0.1236 0.1166 0.1126 0.0765 0.0608 0.0589 0  0  # Whiting    
 0.5127 0.2310 0.1071 0.0762 0.0626 0.0547 0.0508 0.0512 0.0507 0.0587 0.0502 # Haddock    
 0.0500 0.0500 0.0500 0.0500 0.0500 0.0500 0.0500 0.0500 0.0500 0.0500 0.0500 # Saithe     
 0.0375 0.0375 0.0375 0.0375 0.0375 0.0375 0.0375 0.0375 0.0375 0.0375 0.0375 # Mackerel   
 0.2355 0.0802 0.0694 0.0671 0.0644 0.0584 0.0580 0.0580 0.0578 0  0  # Herring    
 0.3393 0.2610 0.2463 0.2206 0.2129 0  0  0  0  0  0  # N.sandeel  
 0.1529 0.1446 0.1287 0.1128 0.1113 0  0  0  0  0  0  # S.sandeel  
 0.5729 0.4571 0.4298 0.4010 0  0  0  0  0  0  0  # Nor.pout   
 0.2633 0.2189 0.1589 0.1476 0  0  0  0  0  0  0  # Sprat      
 0.0250 0.0250 0.0250 0.0250 0.0250 0.0250 0.0250 0.0250 0.0250 0.0250 0.0250 # Plaice     
 0.0250 0.0250 0.0250 0.0250 0.0250 0.0250 0.0250 0.0250 0.0250 0.0250 0.0250 # Sole       
