################################################
# Stock numbers at age 1. January, (except for recruits)
  2868628.51 629236.52 39658.74 4887.66 6724.79 1094.41 685.60 503.93 196.55 59.94 46.17  # Cod        
11458757.50 3166475.37 421292.59 131587.76 125625.22 42418.43 21804.11 10489.13 7964.45  0  0  # Whiting    
3218591.71 4549029.49 223692.28 59849.76 67554.84 19799.13 31063.20 1315.80 735.98 96.17 502.44  # Haddock    
204613.89 184581.25 152034.53 128619.73 60331.97 25635.11 24366.09 18780.29 7026.81 3260.41 6452.54  # Saithe     
4223378.28 3918260.01 4672942.88 3261754.60 4369292.47 1094611.52 2061080.40 932307.47 758470.36 825255.12 1194471.76  # Mackerel   
22014473.65 6895669.48 4701176.43 1170514.20 1628814.25 500626.52 1410978.00 695961.25 597958.91  0  0  # Herring    
152486407.59 235414876.89 44568658.68 2173416.29 9671852.09  0  0  0  0  0  0  # N.sandeel  
88566176.57 130906893.75 19229995.27 1183651.17 2999990.53  0  0  0  0  0  0  # S.sandeel  
64892026.79 69877295.29 5139894.09 47334.60  0  0  0  0  0  0  0  # Nor.pout   
95655628.00 123676729.93 24580925.39 4033376.89  0  0  0  0  0  0  0  # Sprat      
1162133.42 989184.81 1886657.48 455443.29 487815.61 184237.03 86382.58 85798.89 47286.82 26770.65 42398.28  # Plaice     
96607.41 25179.84 561599.08 75769.30 61334.50 17610.72 15801.18 12097.62 4685.63 1479.03 5425.83  # Sole       
