################################################
# Stock recruitment residuals ##
#    Number of residuals by species
32 # Cod        
38 # Whiting    
32 # Haddock    
43 # Saithe     
46 # Mackerel   
45 # Herring    
45 # N.sandeel  
44 # S.sandeel  
36 # Nor.pout   
39 # Sprat      
45 # Plaice     
43 # Sole       
# residuals by species
  0.1998 -0.1237 0.0948 0.3722 -0.1474 0.2938 0.1069 0.1079 0.5194 -0.2587 0.0377 0.4527 -0.4255 -0.2287 -0.1728 0.2455 0.1295 0.5654 -0.0087 -0.0182 0.0618 -0.2483 -0.3407 0.3426 0.4575 0.3528 -0.1210 -0.2768 0.0092 -1.1083 -0.9149 0.0441  # Cod        
-0.2968 -0.0690 0.0356 0.2661 0.4482 0.3785 0.5365 0.1196 -0.1599 -0.2101 0.1165 -0.0153 -0.0772 -0.1399 -0.5795 0.0532 0.5727 0.3103 0.4067 0.4309 -0.0341 -0.2142 0.0540 -0.0507 0.0925 0.3406 0.1384 -0.3198 -0.0504 -0.2233 -0.6837 -0.3149 -0.1991 0.0628 0.2242 -0.3670 -0.5229 -0.0358  # Whiting    
-0.7842 -0.2539 0.7391 1.1741 1.5241 0.0716 1.6341 0.7986 0.4106 0.2775 -0.4891 1.7712 0.7077 -0.7068 0.6317 0.0309 -0.5839 1.3753 0.0467 -0.1853 -1.1457 0.5106 -1.5018 -2.0997 -1.2580 -1.8689 0.2776 -0.7322 0.1766 -1.0327 -0.5471 1.0298  # Haddock    
0.2789 0.1249 -0.1574 0.5724 0.3186 0.3139 0.2031 0.3815 0.3620 0.3045 -0.0895 -0.1344 0.1833 0.0398 0.2496 0.0003 0.1570 0.4814 -0.3340 0.2983 -0.3364 0.4517 0.5531 0.1819 -0.0772 0.4061 -0.4892 -0.1251 -0.5766 -0.4782 -0.0687 -0.6903 -0.1716 -0.1127 -0.5567 -0.2889 0.1480 -0.2027 -0.7497 -0.4033 0.0322 0.0000 0.0000  # Saithe     
0.0717 0.0918 -0.3238 -1.6913 -0.5577 0.0939 0.2223 0.4111 -0.8766 -1.2032 0.3660 -0.3383 -0.3026 0.1034 -0.2839 -0.0685 -0.3816 -0.2155 0.0011 0.0707 -0.0745 -0.2262 -0.1933 -0.3734 -0.3600 -0.2410 -0.7584 -0.0635 0.3446 -0.0504 0.1352 0.6220 0.7442 0.6589 0.5929 0.5454 0.9539 0.8880 0.3420 0.0989 0.5151 -0.4436 0.6679 0.1523 0.3339 0.0000  # Mackerel   
-0.0697 -0.6371 -0.7027 -0.8492 -1.2458 -0.1990 0.8426 0.7735 0.7421 0.3086 0.3067 0.7186 0.8541 0.5957 0.0304 -0.0878 -0.1009 -0.0527 0.2942 0.4142 0.1246 0.1925 0.2853 -0.2516 -0.5768 0.4995 0.0444 0.2576 -0.0323 0.1832 -0.2138 -0.2648 -0.0729 -0.1880 -0.0347 -0.0416 -0.0548 0.0541 0.4575 0.5165 -0.8283 -0.2582 -1.0359 -0.2114 -0.4879  # Herring    
0.0469 -0.1704 0.0560 -0.5281 -0.0584 0.6572 0.0187 0.1819 0.2963 0.1343 -0.6391 0.0713 0.4475 -0.4569 0.7152 -0.2632 0.1077 0.2909 0.5262 0.9249 0.9539 0.2025 -0.3832 0.0496 0.1529 0.3678 0.0030 -0.8737 -0.1178 -0.1432 0.2035 0.7532 0.1847 -0.2671 0.6726 -1.5701 -1.7294 -0.1070 0.0531 0.0204 -1.8712 1.0737 -1.3468 0.5717 0.8069  # N.sandeel  
0.2327 -0.5844 0.0135 0.7588 0.0184 0.2719 -0.4986 0.9687 -1.1671 0.7717 -0.1567 1.0049 -0.2480 -0.5293 0.5388 0.0099 0.1110 0.5626 -0.9056 0.3021 0.6848 -0.6116 -0.4267 0.0700 0.0728 0.8006 0.8420 -1.2919 -0.1898 -0.3206 0.5116 0.4688 0.8265 -0.2015 -0.8595 -0.8256 -0.1689 -0.5283 0.6462 -0.9614 0.6707 -1.4267 -0.4542 1.2312  # S.sandeel  
0.5162 0.2253 0.6553 -0.5641 0.2861 0.2987 0.2928 0.4886 0.0768 -0.1254 0.8412 0.0687 0.6066 -0.7970 -0.0656 0.2450 -0.4564 -0.0338 -0.5963 -1.1063 -0.5214 0.5287 -0.2839 -0.1192 0.2183 0.1970 -1.2154 -0.5165 0.3735 -0.7338 0.4172 -0.1341 0.1283 -0.4773 0.4446 0.8378  # Nor.pout   
-0.4236 -0.5750 -0.1690 -0.2860 -1.0401 0.4832 -0.8446 -0.5045 0.6442 0.0909 -0.1510 0.3125 0.7619 0.2772 -1.0308 -0.8296 -0.1891 0.1606 -0.1064 -0.3756 -0.2486 -0.5492 0.0482 0.6534 -0.4908 -0.4125 -0.4726 0.7335 0.1980 0.2966 -0.0154 -0.4790 1.1040 0.4996 0.1810 0.2614 0.9636 0.6644 0.8593  # Sprat      
-0.3303 -0.5714 -0.1903 -0.3584 -0.2990 -0.0335 -0.1065 0.6352 0.2636 0.1692 0.4659 0.5793 0.5471 0.1539 -0.0678 -0.1625 -0.3237 -0.7515 -0.7328 -0.1341 -0.0898 0.9681 0.0448 -0.1265 0.0652 -0.3766 0.5821 -0.4616 0.2196 -0.1463 -0.2342 0.1950 0.0970 -0.0583 0.0939 0.2136 0.0367 0.1099 0.1565 -0.4586 -0.2885 0.1758 -0.2644 0.8281 0.0000  # Plaice     
-0.7290 0.0848 0.3042 -0.6703 -1.9170 0.4003 0.4786 0.4865 0.4086 -0.2795 -0.0942 0.3391 -0.4080 0.1391 0.8693 0.1679 0.0545 -0.4744 0.2254 -0.4303 0.9374 0.2118 0.0794 0.2011 -0.4038 0.6586 -0.1308 -0.7038 -0.6964 0.6389 -0.1834 -0.0512 -0.1008 0.6399 0.8713 -0.4446 0.0804 0.4362 0.1396 -0.3369 0.3264 0.1518 -1.2679  # Sole       
